-87.231253
-57.303055
-170.413078
-81.817134
-99.400675
-3.378903
-1.714827
-3.172582
-78.193671
-44.216942
-1.506243
-22.017960
-2.940317
-47.362172
-32.129989
-4.192924
-27.878948
-134.435734
-27.427110
-49.305713
-56.275830
-160.876505
-3.151864
-88.769042
-15.353298
-138.723870
-1.044138
-1.263859
-3.040240
-141.720911
-92.766861
-59.345899
-3.885503
-67.706140
-53.624410
-87.421772
-2.923884
14.846168
-4.813646
-3.330560
-96.093221
-109.596027
-2.924056
-162.294164
-30.658739
-155.069119
-127.480397
-5.449305
-34.127579
-173.604413
-172.468225
-27.148189
-60.628958
-30.070592
-127.956995
-131.604642
-93.498487
-68.480320
-71.429727
-61.975370
-1.762797
-108.457236
-109.899497
-0.904740
-86.570369
-21.535522
-35.662930
-138.827869
-2.811573
-47.664344
-65.393483
-3.967015
-12.479915
-106.077358
-1.387403
-1.115082
-49.772257
-176.799205
-41.087812
-45.572653
-91.278423
-25.548549
-10.531981
-1.628259
-2.237775
-72.229371
-86.824777
-1.279040
-190.119159
-101.705672
-107.187391
-1.128745
-7.666471
-118.779856
-121.453705
-54.389912
-20.052443
-121.969255
-110.606633
-13.058412
-3.857895
-117.307248
-107.381087
-1.582614
-74.462329
-6.399950
-8.813247
-1.602257
21.246869
-2.168372
-110.909138
-100.898955
-102.051954
-56.876801
-144.808464
-207.867604
-49.620185
-89.301449
-98.862819
-94.946935
-7.111971
-15.319621
-102.600294
-1.633508
-75.338846
-81.298343
-1.996431
-134.615986
